# Created by Octave 5.2.0, Sat Jul 25 23:19:56 2020 KST <sanghoho@sanghoho-17Z90N-VA7WK>
# name: v
# type: matrix
# rows: 10
# columns: 1
 6.1101000000000001
 5.5277000000000003
 8.5185999999999993
 7.0031999999999996
 5.8597999999999999
 8.3828999999999994
 7.4763999999999999
 8.5780999999999992
 6.4862000000000002
 5.0545999999999998


